NAXIS   =                    2                                                  
CTYPE1  = 'RA---COE'                                                            
CTYPE2  = 'DEC--COE'                                                            
CRVAL1  =   9.347255000000E+01                                                  
CRVAL2  =  -2.629263000000E+01                                                  
CUNIT1  = 'deg     '                                                            
CUNIT2  = 'deg     '                                                            
CD1_1   =  -8.605170180000E-05                                                  
CD1_2   =  -3.393161680000E-05                                                  
CD2_1   =  -3.393161680000E-05                                                  
CD2_2   =   8.605170180000E-05                                                  
RADESYS = 'ICRS    '                                                            
NAXIS1  =                13060                                                  
NAXIS2  =                16061                                                  
CRPIX1  =   6.531000000000E+03                                                  
CRPIX2  =   8.033000000000E+03                                                  
PV2_1   =  -3.000000000000E+00                                                  
PV2_2   =   0.000000000000E+00                                                  
